rx20 = [0.708343505859375,
-0.022857666015625,
0.537811279296875,
-0.063842773437500,
-0.667816162109375,
-0.047271728515625,
-0.467895507812500,
0.121002197265625,
0.596954345703125,
0.065460205078125,
0.690612792968750,
-0.064178466796875,
0.767608642578125,
-0.078063964843750,
-0.025848388671875,
-0.127349853515625,
-0.787078857421875,
0.001342773437500,
0.170684814453125,
0.006164550781250,
0.837066650390625,
0.088195800781250,
0.666076660156250,
-0.040710449218750,
0.578063964843750,
-0.043151855468750,
0.803619384765625,
-0.012634277343750,
0.184265136718750,
-0.109710693359375,
-0.581329345703125,
0.034820556640625,
-0.643371582031250,
0.025634765625000,
-0.635833740234375,
0.163818359375000,
-0.751098632812500,
0.100646972656250,
-0.729766845703125,
0.038970947265625,
0.388305664062500,
0.076202392578125,
0.747497558593750,
-0.116271972656250,
-0.631286621093750,
0.003662109375000,
-0.558166503906250,
-0.042480468750000,
0.769866943359375,
-0.151763916015625,
0.749694824218750,
-0.078857421875000,
0.747161865234375,
0.001251220703125,
0.143768310546875,
0.027099609375000,
-0.857727050781250,
-0.054290771484375,
0.375732421875000,
0.076934814453125,
0.865356445312500,
0.005828857421875,
0.798370361328125,
0.007904052734375,
0.576385498046875,
-0.025390625000000,
0.708740234375000,
0.048156738281250,
0.488830566406250,
-0.045806884765625,
-0.707061767578125,
0.092437744140625,
-0.762084960937500,
0.058197021484375,
-0.671966552734375,
0.035583496093750,
-0.749969482421875,
0.067108154296875,
-0.650543212890625,
-0.068572998046875,
0.311706542968750,
0.044372558593750,
0.737426757812500,
0.045440673828125,
-0.545532226562500,
0.106262207031250,
-0.503448486328125,
-0.039581298828125,
0.749114990234375,
-0.131835937500000,
0.812072753906250,
-0.088531494140625,
0.635894775390625,
-0.091369628906250,
0.103088378906250,
0.098419189453125,
-0.720916748046875,
0.014465332031250,
0.302642822265625,
0.141448974609375,
0.781860351562500,
0.075103759765625,
0.733642578125000,
-0.115142822265625,
0.643157958984375,
-0.040863037109375,
0.892700195312500,
-0.120697021484375,
0.231781005859375,
-0.187805175781250,
-0.595611572265625,
0.068725585937500,
-0.716735839843750,
0.067413330078125,
-0.716857910156250,
0.041809082031250,
-0.729095458984375,
0.170440673828125,
-0.629821777343750,
0.171020507812500,
-0.829528808593750,
0.101379394531250,
-0.702453613281250,
0.031616210937500,
0.491973876953125,
0.012542724609375,
0.410278320312500,
-0.100921630859375,
-0.665618896484375,
0.137695312500000,
-0.606353759765625,
0.058135986328125,
-0.684326171875000,
0.132446289062500,
-0.000030517578125,
0.087127685546875,
0.855590820312500,
-0.111419677734375,
-0.195617675781250,
-0.008911132812500,
-0.765136718750000,
0.003662109375000,
-0.661987304687500,
0.062561035156250,
-0.528198242187500,
0.096801757812500,
-0.842407226562500,
0.249816894531250,
-0.343597412109375,
-0.012023925781250,
0.654479980468750,
-0.078521728515625,
0.745758056640625,
-0.061645507812500,
0.696197509765625,
-0.171783447265625,
0.650909423828125,
-0.241149902343750,
0.788360595703125,
-0.143707275390625,
0.754669189453125,
-0.054962158203125,
0.714935302734375,
-0.021362304687500,
-0.583984375000000,
0.042694091796875,
-0.605285644531250,
0.022949218750000,
0.559295654296875,
0.008270263671875,
0.652709960937500,
-0.113067626953125,
0.722106933593750,
-0.265197753906250,
0.117126464843750,
-0.048370361328125,
-0.907379150390625,
0.169006347656250,
0.239196777343750,
-0.154418945312500,
0.882354736328125,
-0.076110839843750,
0.698944091796875,
-0.078491210937500,
0.652618408203125,
-0.255035400390625,
0.776458740234375,
-0.176696777343750,
0.310760498046875,
-0.119659423828125,
-0.662292480468750,
0.132659912109375,
-0.715209960937500,
0.219665527343750,
-0.529235839843750,
0.078308105468750,
-0.548126220703125,
0.152618408203125,
-0.707550048828125,
0.124206542968750,
0.350219726562500,
-0.076965332031250,
0.899566650390625,
-0.298492431640625,
-0.529846191406250,
0.051757812500000,
-0.482055664062500,
0.163421630859375,
0.778106689453125,
-0.236267089843750,
0.669647216796875,
-0.248535156250000,
0.876617431640625,
-0.145019531250000,
0.149627685546875,
0.117889404296875,
-0.771789550781250,
-0.015441894531250,
0.281219482421875,
-0.083801269531250,
0.710510253906250,
-0.187927246093750,
0.730346679687500,
-0.085754394531250,
0.685241699218750,
-0.227752685546875,
0.800018310546875,
-0.223297119140625,
0.402069091796875,
-0.050537109375000,
-0.746795654296875,
0.088439941406250,
-0.748077392578125,
0.158050537109375,
-0.639739990234375,
0.186645507812500,
-0.582061767578125,
0.118743896484375,
-0.871917724609375,
0.089691162109375,
0.139007568359375,
-0.056274414062500,
0.714263916015625,
-0.126647949218750,
-0.460357666015625,
0.116699218750000,
-0.544738769531250,
0.164428710937500,
0.660552978515625,
-0.125457763671875,
0.699340820312500,
-0.179351806640625,
0.746337890625000,
-0.166717529296875,
0.109222412109375,
-0.037109375000000,
-0.825073242187500,
0.136383056640625,
0.256134033203125,
-0.161682128906250,
0.725616455078125,
-0.210388183593750,
0.699035644531250,
-0.344146728515625,
0.560943603515625,
-0.262542724609375,
0.908660888671875,
-0.162841796875000,
0.334930419921875,
-0.111968994140625,
-0.766845703125000,
0.137786865234375,
-0.692047119140625,
0.207214355468750,
-0.679290771484375,
0.113159179687500,
-0.729827880859375,
0.369110107421875,
-0.671691894531250,
0.238647460937500,
-0.634185791015625,
0.271270751953125,
-0.698272705078125,
0.246185302734375,
0.640716552734375,
-0.264739990234375,
0.452331542968750,
-0.092315673828125,
-0.668884277343750,
0.134979248046875,
-0.663116455078125,
0.058074951171875,
-0.665649414062500,
0.188049316406250,
-0.011749267578125,
0.116516113281250,
0.803558349609375,
-0.269989013671875,
-0.252197265625000,
0.058898925781250,
-0.817474365234375,
0.173858642578125,
-0.746429443359375,
0.217712402343750,
-0.724121093750000,
0.312438964843750,
-0.794281005859375,
0.222534179687500,
-0.422485351562500,
0.010253906250000,
0.468475341796875,
-0.248291015625000,
0.647857666015625,
-0.169036865234375,
0.733795166015625,
-0.330474853515625,
0.524017333984375,
-0.178955078125000,
0.620635986328125,
-0.146697998046875,
0.690856933593750,
-0.390228271484375,
0.577606201171875,
-0.314666748046875,
-0.516632080078125,
0.199645996093750,
-0.432647705078125,
0.103149414062500,
0.649841308593750,
-0.357910156250000,
0.656799316406250,
-0.277465820312500,
0.684570312500000,
-0.332214355468750,
0.045074462890625,
0.042083740234375,
-0.892974853515625,
0.302703857421875,
0.406890869140625,
-0.079254150390625,
0.845855712890625,
-0.382995605468750,
0.564422607421875,
-0.200134277343750,
0.636169433593750,
-0.183563232421875,
0.841827392578125,
-0.209075927734375,
0.213928222656250,
-0.063293457031250,
-0.714569091796875,
0.193054199218750,
-0.735717773437500,
0.352966308593750,
-0.536071777343750,
0.258270263671875,
-0.630950927734375,
0.203857421875000,
-0.672027587890625,
0.217437744140625,
0.314056396484375,
-0.064758300781250,
0.659454345703125,
-0.176147460937500,
-0.502319335937500,
0.312713623046875,
-0.555358886718750,
0.214721679687500,
0.494476318359375,
-0.377380371093750,
0.549865722656250,
-0.244628906250000,
0.689392089843750,
-0.290069580078125,
0.012420654296875,
-0.140502929687500,
-0.723449707031250,
0.368164062500000,
0.231048583984375,
-0.121673583984375,
0.702789306640625,
-0.302917480468750,
0.612030029296875,
-0.244232177734375,
0.665466308593750,
-0.327423095703125,
0.808959960937500,
-0.118499755859375,
0.277221679687500,
-0.044128417968750,
-0.542938232421875,
0.237243652343750,
-0.676971435546875,
0.278991699218750,
-0.693359375000000,
0.220062255859375,
-0.539062500000000,
0.263000488281250,
-0.531585693359375,
0.308258056640625,
-0.694244384765625,
0.212402343750000,
-0.665100097656250,
0.071685791015625,
0.533111572265625,
-0.168457031250000,
0.442108154296875,
-0.098937988281250,
-0.706787109375000,
0.288604736328125,
